# vary alpha simulation

bias_alpha <- c(0.007957538, -0.005583985,  0.007532525, -0.008682481, -0.015662831, -0.003085368,  0.013284399,  0.025007137, -0.007862126,  0.011263665,  0.004494255,  0.036673286,  0.017566615, -0.010869161,  0.009421514, -0.019434676, -0.023059525,  0.031313059, -0.018048411,  0.028975642,  0.013604623, -0.035889927,  0.008996092,  0.028058401,  0.054399456, -0.022659702,  0.078357108, -0.006946367, -0.020267968, -0.014496564, 0.03967687,  0.01561682,  0.14763111,  0.01353835, -0.05137300,  0.08212231,  0.03317562, -0.03488831, -0.05143302, -0.11379923,  0.05850329, -0.04678586, -0.11868274, -0.08972067, 0.02477672, -0.04639411, -0.08462772, -0.04839047, -0.17016334, -0.09461972,  0.04239629, -0.08943360, -0.06237852, -0.14855978, -0.12840248, -0.14833690, -0.03032372, -0.17157126, -0.28318773,  0.06436900, -0.14986085, -0.21624438, -0.43930028, -0.22930265, -0.19204963, -0.32110967, -0.24733432, -0.31369583, -0.19823866, -0.03520840, -0.18159605, -0.13400257, -0.04162985, -0.34079406, -0.19936958, -0.34517749, -0.46073699, -0.32146553, -0.58418453, -0.19772765, -0.44932013, -0.24662583, -0.31637634, -0.20412823, -0.26159934, -0.16381212, -0.5095398, -0.3197937, -0.1103778, -0.3013282, -0.2734388, -0.4629057, -0.5771492, -0.5615093, -0.5496394, -0.5644275, -0.3741430, -0.3499268, -0.4178469, -0.6964544)
bias_beta <- c(0.0178244229,  0.0001456893, -0.0090746941, -0.0059771355, -0.0282658076,  0.0022797356,  0.0221604499,  0.0349126973, -0.0060965456,  0.0304016982,  0.0143887876,  0.0487118405,  0.0804901613,  0.0136162012,  0.0551321165,  0.0305442231, -0.0150165083,  0.1066810973,  0.0221960248,  0.0797117183,  0.1134221290,  0.0129799705,  0.0765827226,  0.1003623773,  0.1431707216,  0.0604084170,  0.2398917926,  0.1325425604,  0.0786515545,  0.1038225494, 0.2160643, 0.1976040, 0.3856084, 0.1668369, 0.1258625, 0.2701690, 0.2566640, 0.1628776, 0.2369973, 0.1047287, 0.3521505, 0.2751547, 0.1451189, 0.1488610, 0.3039654, 0.2517091, 0.2103424, 0.2313022, 0.1554799, 0.2444050, 0.3635481, 0.2873391, 0.3130298, 0.2511698, 0.2191066, 0.2506122, 0.4331775, 0.2797959, 0.1095993, 0.5532024, 0.25937434, 0.20166043, 0.05434528, 0.34019478, 0.28418007, 0.23398310, 0.32149484, 0.27044306, 0.39988187, 0.51793428, 0.48367750, 0.47455179, 0.52505393, 0.31874363, 0.52882854, 0.38750393, 0.27635832, 0.37137195, 0.22196235, 0.50530594, 0.29824197, 0.55626841, 0.37609450, 0.54532966, 0.63314322, 0.59760092, 0.1417240, 0.5856447, 0.7937473, 0.5945469, 0.5032151, 0.3573903, 0.2860458, 0.2321289, 0.2995066, 0.4125091, 0.4829382, 0.4102049, 0.4990398, 0.249285)
bias_T <- c(-2.444197e-02, -1.032084e-02, -2.479168e-02,  2.993587e-02,  2.104152e-02, -2.080620e-02, -4.798503e-03, -1.135998e-02,  5.470672e-03,  4.927570e-03, 6.547620e-04, -1.267099e-02, -2.031360e-02,  7.853736e-03,  1.555200e-03, 4.357104e-03,  6.057642e-03, -7.073950e-03,  1.056187e-02,  1.379811e-02, -4.738599e-03, -3.778125e-03, -1.564745e-02, -3.460996e-05,  3.512867e-03, -9.375432e-03,  7.199878e-03,  1.445501e-02,  8.589620e-03, -2.112650e-03, -0.0017562629, -0.0037925449, -0.0027839516,  0.0006175403, -0.0034802491, -0.0018762989, 0.0007024426,  0.0001216937,  0.0003083479, -0.0020267996,  0.0055373525,  0.0138527200, 0.0051950675, -0.0049091006, -0.0053172798, -0.0027916766,  0.0010840161,  0.0062013308, 0.0003774036,  0.0054482702, -0.0022167903, -0.0022167913,  0.0001129200, -0.0013409527, 0.0059450496,  0.0099819775, -0.0070552643, -0.0011268643, -0.0059050316, -0.0055902608, 1.807709e-03,  1.773328e-03,  7.485803e-03, -7.559231e-04,  2.007050e-03, -4.446493e-03,  1.787623e-03,  9.664764e-03,  2.185718e-03, -5.503255e-03, 4.955791e-05,  2.897188e-03, -2.488438e-03,  4.362515e-03,  2.386328e-03, -4.264325e-03,  3.184568e-03,  7.901291e-03, -1.357785e-04, -1.269113e-03, 7.383903e-03,  1.509748e-03,  1.401722e-03, -1.384776e-03,  8.334850e-03, 6.338183e-03, 0.0075543467,  0.0007713947, -0.0032926349, 0.0007891984, 0.0034007008, -0.0011009118,  0.0036553773,  0.0003632884, 0.0058214405, -0.0009221705,  0.0001085508, -0.001214796,  0.002322923, 0.0003933934)

coverage_alpha <- c(0.95, 0.98, 0.92, 0.91, 0.93, 0.92, 0.91, 0.93, 0.94, 0.95, 0.96, 0.97, 0.93, 0.99, 0.98, 0.97, 0.98, 0.94, 0.92, 0.97, 0.97, 0.97, 0.96, 0.93, 0.92, 0.96, 0.95, 0.94, 0.98, 0.94, 0.91, 0.94, 0.90, 0.96, 0.97, 1.00, 0.97, 0.96, 0.95, 0.93, 0.97, 0.94, 0.93, 0.94, 0.96, 0.94, 0.98, 0.98, 0.95, 0.96, 0.99, 0.96, 0.96, 0.98, 0.97, 0.97, 0.97, 0.98, 0.96, 0.99, 0.98, 0.98, 0.94, 0.97, 1.00, 0.98, 0.97, 0.96, 0.98, 0.97, 1.00, 0.97, 1.00, 1.00, 0.98, 0.98, 0.99, 0.98, 0.97, 0.98, 0.99, 1.00, 1.00, 0.98, 1.00, 1.00, 1.00, 1.00, 1.00, 1.00, 1.00, 1.00, 1.00, 1.00, 1.00, 0.99, 1.00, 1.00, 1.00, 1.00)
coverage_beta <- c(0.93, 0.98, 0.94, 0.90, 0.93, 0.94, 0.95, 0.90, 0.92, 0.95, 0.97, 0.97, 0.92, 0.95, 0.96, 0.92, 0.96, 0.91, 0.92, 0.94, 0.94, 0.93, 0.96, 0.94, 0.95, 0.98, 0.95, 0.88, 0.91, 0.93, 0.93, 0.93, 0.93, 0.91, 0.93, 0.97, 0.92, 0.86, 0.87, 0.86, 0.93, 0.89, 0.86, 0.90, 0.94, 0.90, 0.91, 0.92, 0.85, 0.89, 0.92, 0.91, 0.93, 0.86, 0.92, 0.85, 0.92, 0.89, 0.89, 0.92, 0.89, 0.86, 0.80, 0.83, 0.86, 0.86, 0.86, 0.84, 0.85, 0.91, 0.87, 0.90, 0.91, 0.84, 0.85, 0.81, 0.83, 0.90, 0.82, 0.89, 0.84, 0.83, 0.87, 0.85, 0.85, 0.85, 0.86, 0.78, 0.89, 0.86, 0.92, 0.82, 0.82, 0.87, 0.90, 0.84, 0.88, 0.89, 0.86, 0.80)
coverage_T <- c(0.91, 0.97, 0.95, 0.97, 0.91, 0.95, 0.95, 0.96, 0.95, 0.98, 0.91, 0.95, 0.93, 0.90, 0.98, 0.96, 0.96, 0.96, 0.96, 0.94, 0.97, 0.97, 0.96, 0.95, 0.98, 0.90, 0.96, 0.95, 0.93, 0.94, 0.95, 0.98, 0.93, 0.97, 0.96, 0.94, 0.98, 0.95, 0.96, 0.97, 0.93, 0.94, 0.97, 0.97, 0.95, 0.97, 0.95, 0.97, 0.94, 0.93, 0.96, 0.98, 0.95, 0.94, 0.94, 0.91, 0.97, 0.97, 0.94, 0.96, 0.98, 0.96, 0.93, 0.97, 0.97, 0.96, 0.96, 0.93, 0.94, 0.95, 0.95, 0.95, 0.97, 0.96, 0.96, 0.94, 0.95, 0.94, 0.99, 0.99, 0.93, 0.95, 0.96, 0.96, 0.97, 0.94, 0.96, 0.95, 0.93, 0.97, 0.98, 0.96, 0.97, 0.95, 0.94, 0.97, 0.96, 0.96, 0.97, 0.90)


plot(seq(0.1,10,by=0.1),bias_alpha,ylim=c(-1,1),type="l",col="red",xlab=expression(alpha),ylab="Bias",main=expression(paste("Varying ", alpha, " simulation")))
lines(seq(0.1,10,by=0.1),bias_beta,type="l",col="blue")
lines(seq(0.1,10,by=0.1),bias_T,type="l",col="green")
